10120713266
10120713232
10120713383
10120713378
10120713299
10120713259
10120713361
10120713226
10120713236
10120713305
10120713308
10120713314
10120713320
10120713325
14000087863
14000087868
10120713322
10120713332
10120713245
10120713192
10120713267
10120713268
10120713289
10120713336
10120713344
10120713348
10120713410
14000087871
14000087925
10120713311
10120713327
10120713343
10120713355
10120713359
10120713363
10120713389
10120713393
14000087841
14000087903
14000087910
14000087919
14000087922
14000087923
14000087957
14000087967
14000087985
14000088018
10120713241