10120713166
10120713167
10120713168
10120713169
10120713170
10120713171
10120713172
10120713173
10120713174
10120713175
10120713176
10120713177
10120713178
10120713179
10120713180
10120713181
10120713182
10120713183
10120713184
10120713185
10120713216
10120713217
10120713218
10120713219
10120713220
10120713221
10120713222
10120713223
10120713224
10120713225
10120713229
10120713230
10120713234
10120713235
10120713256
10120713257
10120713258
10120713260
10120713261
10120713262
10120713263
10120713264
10120713265
10120713273
10120713376
10120713377
10120713379
10120713380
10120713385
10120713381
10120713382
14000087872
14000087879
14000087924
14000087948
14000087962
14000087963
14000087971
14000109469
14000109487
14000109505